# Made in Blockbench 5.0.2
mtllib snale_plush.mtl

o torso
v -0.0625 0.34375 0.15625
v -0.0625 0.34375 -0.15625
v -0.0625 0.03125 0.15625
v -0.0625 0.03125 -0.15625
v -0.1875 0.34375 -0.15625
v -0.1875 0.34375 0.15625
v -0.1875 0.03125 -0.15625
v -0.1875 0.03125 0.15625
vt 0.15625 0.84375
vt 0.21875 0.84375
vt 0.21875 0.6875
vt 0.15625 0.6875
vt 0 0.84375
vt 0.15625 0.84375
vt 0.15625 0.6875
vt 0 0.6875
vt 0.375 0.84375
vt 0.4375 0.84375
vt 0.4375 0.6875
vt 0.375 0.6875
vt 0.21875 0.84375
vt 0.375 0.84375
vt 0.375 0.6875
vt 0.21875 0.6875
vt 0.21875 0.84375
vt 0.15625 0.84375
vt 0.15625 1
vt 0.21875 1
vt 0.28125 1
vt 0.21875 1
vt 0.21875 0.84375
vt 0.28125 0.84375
vn 0 0 -1
vn 1 0 0
vn 0 0 1
vn -1 0 0
vn 0 1 0
vn 0 -1 0
usemtl m_7b041e31-d4e4-8972-31af-19d0672bdf8a
f 4/4/1 7/3/1 5/2/1 2/1/1
f 3/8/2 4/7/2 2/6/2 1/5/2
f 8/12/3 3/11/3 1/10/3 6/9/3
f 7/16/4 8/15/4 6/14/4 5/13/4
f 6/20/5 1/19/5 2/18/5 5/17/5
f 7/24/6 4/23/6 3/22/6 8/21/6
o left_leg
v -0.1506838503936384 0.125 -0.013139214408401587
v -0.16157831823709567 0.125 -0.13766355166986977
v 0.22288916139076614 0.12499999999999992 -0.0458226179387734
v 0.21199469354730888 0.12499999999999992 -0.1703469552002416
v -0.1615783182370957 1.3877787807814457e-17 -0.13766355166986977
v -0.1506838503936384 1.3877787807814457e-17 -0.013139214408401587
v 0.21199469354730888 -6.938893903907228e-17 -0.1703469552002416
v 0.22288916139076614 -6.938893903907228e-17 -0.0458226179387734
vt 0.3125 0.5
vt 0.375 0.5
vt 0.375 0.3125
vt 0.3125 0.3125
vt 0.25 0.5
vt 0.3125 0.5
vt 0.3125 0.3125
vt 0.25 0.3125
vt 0.4375 0.5
vt 0.5 0.5
vt 0.5 0.3125
vt 0.4375 0.3125
vt 0.375 0.5
vt 0.4375 0.5
vt 0.4375 0.3125
vt 0.375 0.3125
vt 0.375 0.5
vt 0.3125 0.5
vt 0.3125 0.5625
vt 0.375 0.5625
vt 0.4375 0.5625
vt 0.375 0.5625
vt 0.375 0.5
vt 0.4375 0.5
vn -0.08715574274765817 1.9352462465351423e-17 -0.9961946980917455
vn 2.22409187070277e-16 1 -5.527483829964393e-18
vn 0.08715574274765817 -1.9352462465351423e-17 0.9961946980917455
vn -2.22409187070277e-16 -1 5.527483829964393e-18
vn -0.9961946980917457 2.2119965816619253e-16 0.08715574274765817
vn 0.9961946980917457 -2.2119965816619253e-16 -0.08715574274765817
usemtl m_7b041e31-d4e4-8972-31af-19d0672bdf8a
f 12/28/7 15/27/7 13/26/7 10/25/7
f 11/32/8 12/31/8 10/30/8 9/29/8
f 16/36/9 11/35/9 9/34/9 14/33/9
f 15/40/10 16/39/10 14/38/10 13/37/10
f 14/44/11 9/43/11 10/42/11 13/41/11
f 15/48/12 12/47/12 11/46/12 16/45/12
o right_leg
v -0.16157831823709567 0.125 0.13766355166986977
v -0.1506838503936384 0.125 0.013139214408401587
v 0.21199469354730888 0.12499999999999992 0.1703469552002416
v 0.22288916139076614 0.12499999999999992 0.0458226179387734
v -0.1506838503936384 1.3877787807814457e-17 0.013139214408401587
v -0.1615783182370957 1.3877787807814457e-17 0.13766355166986977
v 0.22288916139076614 -6.938893903907228e-17 0.0458226179387734
v 0.21199469354730888 -6.938893903907228e-17 0.1703469552002416
vt 0.0625 0.5
vt 0.125 0.5
vt 0.125 0.3125
vt 0.0625 0.3125
vt 0 0.5
vt 0.0625 0.5
vt 0.0625 0.3125
vt 0 0.3125
vt 0.1875 0.5
vt 0.25 0.5
vt 0.25 0.3125
vt 0.1875 0.3125
vt 0.125 0.5
vt 0.1875 0.5
vt 0.1875 0.3125
vt 0.125 0.3125
vt 0.125 0.5
vt 0.0625 0.5
vt 0.0625 0.5625
vt 0.125 0.5625
vt 0.1875 0.5625
vt 0.125 0.5625
vt 0.125 0.5
vt 0.1875 0.5
vn 0.08715574274765817 -1.9352462465351423e-17 -0.9961946980917455
vn 2.22409187070277e-16 1 5.527483829964393e-18
vn -0.08715574274765817 1.9352462465351423e-17 0.9961946980917455
vn -2.22409187070277e-16 -1 -5.527483829964393e-18
vn -0.9961946980917457 2.2119965816619253e-16 -0.08715574274765817
vn 0.9961946980917457 -2.2119965816619253e-16 0.08715574274765817
usemtl m_7b041e31-d4e4-8972-31af-19d0672bdf8a
f 20/52/13 23/51/13 21/50/13 18/49/13
f 19/56/14 20/55/14 18/54/14 17/53/14
f 24/60/15 19/59/15 17/58/15 22/57/15
f 23/64/16 24/63/16 22/62/16 21/61/16
f 22/68/17 17/67/17 18/66/17 21/65/17
f 23/72/18 20/71/18 19/70/18 24/69/18
o right_arm
v -0.12457320089850822 0.3606077302268691 0.21578855166986977
v -0.12107178642655683 0.35643490695075963 0.15352638303913568
v 0.1155549023897906 0.07443420045020546 0.2484719552002416
v 0.11905631686174198 0.07026137717409603 0.18620978656950748
v -0.16894956412149298 0.31626068134535096 0.15352638303913568
v -0.17245097859344435 0.32043350462146036 0.21578855166986977
v 0.07117853916680586 0.030087151568687298 0.18620978656950748
v 0.06767712469485448 0.0342599748447967 0.2484719552002416
vt 0.53125 0.5
vt 0.5625 0.5
vt 0.5625 0.3125
vt 0.53125 0.3125
vt 0.5 0.5
vt 0.53125 0.5
vt 0.53125 0.3125
vt 0.5 0.3125
vt 0.59375 0.5
vt 0.625 0.5
vt 0.625 0.3125
vt 0.59375 0.3125
vt 0.5625 0.5
vt 0.59375 0.5
vt 0.59375 0.3125
vt 0.5625 0.3125
vt 0.5625 0.5
vt 0.53125 0.5
vt 0.53125 0.53125
vt 0.5625 0.53125
vt 0.59375 0.53125
vt 0.5625 0.53125
vt 0.5625 0.5
vt 0.59375 0.5
vn 0.05602263155122213 -0.0667651724177507 -0.9961946980917455
vn 0.7660444431189781 0.6427876096865394 -6.938893903907228e-18
vn -0.05602263155122213 0.0667651724177507 0.9961946980917455
vn -0.7660444431189781 -0.6427876096865394 6.938893903907228e-18
vn -0.6403416087687969 0.7631294127377698 -0.0871557427476582
vn 0.6403416087687969 -0.7631294127377698 0.0871557427476582
usemtl m_7b041e31-d4e4-8972-31af-19d0672bdf8a
f 28/76/19 31/75/19 29/74/19 26/73/19
f 27/80/20 28/79/20 26/78/20 25/77/20
f 32/84/21 27/83/21 25/82/21 30/81/21
f 31/88/22 32/87/22 30/86/22 29/85/22
f 30/92/23 25/91/23 26/90/23 29/89/23
f 31/96/24 28/95/24 27/94/24 32/93/24
o right_arm
v -0.12107178642655683 0.35643490695075963 -0.15352638303913568
v -0.12457320089850822 0.3606077302268691 -0.21578855166986977
v 0.11905631686174198 0.07026137717409603 -0.18620978656950748
v 0.1155549023897906 0.07443420045020546 -0.2484719552002416
v -0.17245097859344435 0.32043350462146036 -0.21578855166986977
v -0.16894956412149298 0.31626068134535096 -0.15352638303913568
v 0.06767712469485448 0.0342599748447967 -0.2484719552002416
v 0.07117853916680586 0.030087151568687298 -0.18620978656950748
vt 0.65625 0.5
vt 0.6875 0.5
vt 0.6875 0.3125
vt 0.65625 0.3125
vt 0.625 0.5
vt 0.65625 0.5
vt 0.65625 0.3125
vt 0.625 0.3125
vt 0.71875 0.5
vt 0.75 0.5
vt 0.75 0.3125
vt 0.71875 0.3125
vt 0.6875 0.5
vt 0.71875 0.5
vt 0.71875 0.3125
vt 0.6875 0.3125
vt 0.6875 0.5
vt 0.65625 0.5
vt 0.65625 0.53125
vt 0.6875 0.53125
vt 0.71875 0.53125
vt 0.6875 0.53125
vt 0.6875 0.5
vt 0.71875 0.5
vn -0.05602263155122213 0.0667651724177507 -0.9961946980917455
vn 0.7660444431189781 0.6427876096865394 6.938893903907228e-18
vn 0.05602263155122213 -0.0667651724177507 0.9961946980917455
vn -0.7660444431189781 -0.6427876096865394 -6.938893903907228e-18
vn -0.6403416087687969 0.7631294127377698 0.0871557427476582
vn 0.6403416087687969 -0.7631294127377698 -0.0871557427476582
usemtl m_7b041e31-d4e4-8972-31af-19d0672bdf8a
f 36/100/25 39/99/25 37/98/25 34/97/25
f 35/104/26 36/103/26 34/102/26 33/101/26
f 40/108/27 35/107/27 33/106/27 38/105/27
f 39/112/28 40/111/28 38/110/28 37/109/28
f 38/116/29 33/115/29 34/114/29 37/113/29
f 39/120/30 36/119/30 35/118/30 40/117/30
o head
v 0 0.53125 0.1875
v 0 0.53125 -0.1875
v 0 0.34375 0.1875
v 0 0.34375 -0.1875
v -0.25 0.53125 -0.1875
v -0.25 0.53125 0.1875
v -0.25 0.34375 -0.1875
v -0.25 0.34375 0.1875
vt 0.4375 0.65625
vt 0.5625 0.65625
vt 0.5625 0.5625
vt 0.4375 0.5625
vt 0.25 0.65625
vt 0.4375 0.65625
vt 0.4375 0.5625
vt 0.25 0.5625
vt 0.75 0.65625
vt 0.875 0.65625
vt 0.875 0.5625
vt 0.75 0.5625
vt 0.5625 0.65625
vt 0.75 0.65625
vt 0.75 0.5625
vt 0.5625 0.5625
vt 0.5625 0.65625
vt 0.4375 0.65625
vt 0.4375 0.84375
vt 0.5625 0.84375
vt 0.6875 0.84375
vt 0.5625 0.84375
vt 0.5625 0.65625
vt 0.6875 0.65625
vn 0 0 -1
vn 1 0 0
vn 0 0 1
vn -1 0 0
vn 0 1 0
vn 0 -1 0
usemtl m_7b041e31-d4e4-8972-31af-19d0672bdf8a
f 44/124/31 47/123/31 45/122/31 42/121/31
f 43/128/32 44/127/32 42/126/32 41/125/32
f 48/132/33 43/131/33 41/130/33 46/129/33
f 47/136/34 48/135/34 46/134/34 45/133/34
f 46/140/35 41/139/35 42/138/35 45/137/35
f 47/144/36 44/143/36 43/142/36 48/141/36
o eyestalks
v -0.125 0.78125 0.1875
v -0.125 0.78125 -0.1875
v -0.125 0.46875 0.1875
v -0.125 0.46875 -0.1875
v -0.125 0.78125 -0.1875
v -0.125 0.78125 0.1875
v -0.125 0.46875 -0.1875
v -0.125 0.46875 0.1875
vt 0.5625 1
vt 0.5625 1
vt 0.5625 0.84375
vt 0.5625 0.84375
vt 0.375 1
vt 0.5625 1
vt 0.5625 0.84375
vt 0.375 0.84375
vt 0.75 1
vt 0.75 1
vt 0.75 0.84375
vt 0.75 0.84375
vt 0.5625 1
vt 0.75 1
vt 0.75 0.84375
vt 0.5625 0.84375
vt 0.5625 1
vt 0.5625 1
vt 0.5625 1.1875
vt 0.5625 1.1875
vt 0.5625 1.1875
vt 0.5625 1.1875
vt 0.5625 1
vt 0.5625 1
vn 0 0 -1
vn 1 0 0
vn 0 0 1
vn -1 0 0
vn 0 1 0
vn 0 -1 0
usemtl m_7b041e31-d4e4-8972-31af-19d0672bdf8a
f 52/148/37 55/147/37 53/146/37 50/145/37
f 51/152/38 52/151/38 50/150/38 49/149/38
f 56/156/39 51/155/39 49/154/39 54/153/39
f 55/160/40 56/159/40 54/158/40 53/157/40
f 54/164/41 49/163/41 50/162/41 53/161/41
f 55/168/42 52/167/42 51/166/42 56/165/42